541412250203,12681,1335,366334,7255,395,1,55,1852,3,2404
541412250206,5105,2847,3376,7463,2051,0,28,1396,6,32395
541412250208,367,662,3687,6617,19,0,107,1003,411,1309
541412250209,207,18,29,143,4,0,3,26,7,34
541412250211,772,4733,5356,4711,14,1,54,1524,23,3182
541412250212,1619,773,1970,7319,237,3,227,2726,405,2451
541412250213,2897,2021,1377,7858,103,2,282,2098,14,4692
541412250214,1011,1584,1647,6885,119,7,181,2709,17,822
541412250215,1125,53764,1920,16821,102,1,314,7185,81,1716
541412250216,3412,1010,1917,12058,189,1,82,5661,2,2054
541412250217,3,0,2,39,0,0,2,5,1,0
541412250218,80,74,210,322,0,0,2,8,0,43
541412250219,3187,2027,1174,6621,78,0,98,2243,16,3887
541412250220,267,1195,209,858,5,0,16,496,40,249
541412250221,1767,1455,896,6100,362,3,38,1215,44,1699
541412250222,4243,1941,507369,15896,54,89,564,7411,260,5055
541412250223,5194,7077,2734,5803,168,1,73,2152,118,818
541412250225,8081,8942,3335,12270,81,22,239,4838,119,983
541412250226,2251,1686,1429,10112,419,63,185,2354,331,944
541412250227,3,998,13,51,0,0,0,5,0,4
